0 0.194140625 0.051593323216995446 0.02734375 0.07283763277693475 
0 0.23828125 0.10773899848254932 0.021875000000000002 0.07587253414264036 
0 0.25703125 0.12291350531107739 0.018750000000000003 0.07890743550834597 
0 0.28046875 0.13201820940819423 0.0203125 0.07890743550834597 
0 0.30312500000000003 0.14036418816388468 0.0171875 0.07738998482549317 
0 0.32421875 0.15326251896813353 0.0171875 0.09711684370257967 
0 0.34765625 0.16843702579666162 0.018750000000000003 0.07890743550834597 
0 0.219140625 0.3490136570561457 0.02734375 0.07587253414264036 
0 0.24570312500000002 0.3550834597875569 0.01953125 0.07587253414264036 
0 0.2859375 0.37632776934749623 0.018750000000000003 0.08801213960546282 
0 0.309375 0.38467374810318666 0.0203125 0.07132018209408195 
0 0.3328125 0.3732928679817906 0.0203125 0.08801213960546282 
0 0.509375 0.6843702579666161 0.045312500000000006 0.036418816388467376 
0 0.515625 0.7314112291350532 0.0390625 0.033383915022761765 
0 0.533203125 0.8042488619119879 0.03828125 0.048558421851289835 
0 0.6566406250000001 0.779969650986343 0.041406250000000006 0.048558421851289835 
0 0.7156250000000001 0.952959028831563 0.035937500000000004 0.051593323216995446 
0 0.5535156250000001 0.8869499241274659 0.039843750000000004 0.04400606980273141 
0 0.566015625 0.9264036418816389 0.03515625 0.04704097116843703 
