0 0.0625 0.19575113808801214 0.021875000000000002 0.08497723823975721 
0 0.095703125 0.22003034901365706 0.017968750000000002 0.06676783004552353 
0 0.115625 0.23520485584218515 0.0171875 0.06069802731411229 
0 0.1390625 0.24203338391502277 0.0125 0.0804248861911988 
0 0.15781250000000002 0.2465857359635812 0.0203125 0.07435508345978756 
0 0.183984375 0.24430955993930198 0.014843750000000001 0.08497723823975721 
0 0.205078125 0.24430955993930198 0.017968750000000002 0.07283763277693475 
0 0.226953125 0.26100151745068284 0.017968750000000002 0.07587253414264036 
0 0.24609375 0.27314112291350534 0.015625 0.07890743550834597 
0 0.26406250000000003 0.27541729893778455 0.018750000000000003 0.07435508345978756 
0 0.286328125 0.27996965098634297 0.01640625 0.07132018209408195 
0 0.30976562500000004 0.291350531107739 0.02109375 0.07890743550834597 
0 0.33125000000000004 0.2898330804248862 0.0203125 0.08497723823975721 
0 0.353125 0.2905918057663126 0.015625 0.06828528072837634 
0 0.37578125 0.30121396054628224 0.015625 0.06525037936267071 
0 0.39570312500000004 0.30349013657056145 0.017968750000000002 0.06980273141122914 
0 0.416796875 0.31638846737481036 0.017968750000000002 0.07738998482549317 
0 0.455078125 0.31942336874051597 0.01953125 0.07132018209408195 
0 0.48125 0.3141122913505311 0.0203125 0.07890743550834597 
0 0.5027343750000001 0.3285280728376328 0.01640625 0.0804248861911988 
0 0.526953125 0.34066767830045525 0.017968750000000002 0.07738998482549317 
0 0.6628906250000001 0.503793626707132 0.04609375 0.03945371775417299 
0 0.653515625 0.5462822458270107 0.047656250000000004 0.054628224582701064 
0 0.644140625 0.5880121396054628 0.05234375 0.04400606980273141 
0 0.63828125 0.6365705614567527 0.043750000000000004 0.0409711684370258 
0 0.6292968750000001 0.6783004552352049 0.03828125 0.036418816388467376 
0 0.6195312500000001 0.7169954476479514 0.040625 0.0409711684370258 
0 0.590234375 0.7814871016691958 0.04609375 0.06676783004552353 
0 0.7625000000000001 0.5462822458270107 0.053125000000000006 0.042488619119878605 
0 0.766796875 0.5963581183611533 0.04453125 0.036418816388467376 
0 0.762890625 0.6380880121396055 0.04609375 0.05311077389984826 
0 0.74765625 0.7207890743550834 0.05 0.042488619119878605 
0 0.739453125 0.7716236722306525 0.04296875 0.05311077389984826 
0 0.94140625 0.24279210925644917 0.025 0.07890743550834597 
0 0.9671875000000001 0.23520485584218515 0.025 0.07283763277693475 
