0 0.041406250000000006 0.7822458270106222 0.028125 0.0804248861911988 
0 0.07265625 0.7496206373292869 0.026562500000000003 0.06980273141122914 
0 0.08984375 0.7382397572078908 0.025 0.07435508345978756 
0 0.11093750000000001 0.720030349013657 0.025 0.07132018209408195 
0 0.1265625 0.701062215477997 0.0203125 0.07283763277693475 
0 0.143359375 0.6623672230652504 0.02890625 0.08952959028831563 
0 0.16523437500000002 0.6471927162367224 0.02890625 0.08649468892261002 
0 0.178125 0.6282245827010622 0.026562500000000003 0.07587253414264036 
0 0.619140625 0.5773899848254932 0.03671875 0.05614567526555387 
0 0.61875 0.49013657056145676 0.0390625 0.036418816388467376 
0 0.7269531250000001 0.3907435508345979 0.03828125 0.04704097116843703 
0 0.71484375 0.34294385432473445 0.0390625 0.048558421851289835 
0 0.70078125 0.2670713201820941 0.0390625 0.042488619119878605 
0 0.6890625 0.2268588770864947 0.035937500000000004 0.03490136570561457 
0 0.669921875 0.19802731411229135 0.04609375 0.05918057663125949 
0 0.581640625 0.27996965098634297 0.041406250000000006 0.04400606980273141 
0 0.585546875 0.3330804248861912 0.04453125 0.0409711684370258 
0 0.59765625 0.37632776934749623 0.045312500000000006 0.033383915022761765 
0 0.606640625 0.40364188163884673 0.041406250000000006 0.033383915022761765 
0 0.61328125 0.456752655538695 0.037500000000000006 0.042488619119878605 
0 0.42812500000000003 0.3254931714719272 0.028125 0.07132018209408195 
0 0.408984375 0.3490136570561457 0.02734375 0.06980273141122914 
0 0.388671875 0.3672230652503794 0.025781250000000002 0.07283763277693475 
0 0.37265625 0.3952959028831563 0.03125 0.07738998482549317 
0 0.34140625 0.4355083459787557 0.028125 0.06676783004552353 
0 0.32148437500000004 0.45220030349013657 0.02109375 0.06069802731411229 
0 0.30585937500000004 0.48254931714719274 0.02890625 0.07283763277693475 
0 0.283984375 0.503793626707132 0.02109375 0.0637329286798179 
0 0.26875 0.5265553869499241 0.025 0.07890743550834597 
0 0.253125 0.5462822458270107 0.029687500000000002 0.0819423368740516 
0 0.23203125000000002 0.5728376327769348 0.028125 0.07435508345978756 
0 0.2171875 0.5925644916540213 0.025 0.07435508345978756 
0 0.19687500000000002 0.6092564491654021 0.028125 0.07435508345978756 
