0 0.07890625000000001 0.27845220030349016 0.043750000000000004 0.09256449165402125 
0 0.09062500000000001 0.8118361153262519 0.0390625 0.06676783004552353 
0 0.521875 0.8125948406676783 0.0859375 0.11987860394537178 
0 0.519140625 0.7109256449165402 0.039843750000000004 0.07738998482549317 
0 0.60703125 0.33915022761760244 0.040625 0.0622154779969651 
0 0.63984375 0.19726858877086495 0.05 0.09408194233687406 
0 0.54453125 0.13732928679817907 0.05 0.08649468892261002 
0 0.3921875 0.42412746585735966 0.0390625 0.07132018209408195 
0 0.284375 0.6213960546282246 0.035937500000000004 0.0622154779969651 
0 0.416015625 0.2867981790591806 0.04609375 0.07283763277693475 
0 0.44609375 0.15933232169954478 0.037500000000000006 0.07890743550834597 
